 283 1  
 283 2  
 283 3  
 283 4  
 283 5  
 283 6  
 283 7  
 283 8  
 283 9  
 283 10  
 283 11  
 283 12  
 283 13  
 283 14  
 283 15  
 283 16  
 283 17  
 283 18  
 284 1  
 284 5  
 284 9  
 284 14  
 284 15  
 284 19  
 284 20  
 284 21  
 284 22  
 284 23  
 284 24  
 284 25  
 284 26  
 284 27  
 284 28  
 284 29  
 284 30  
 284 31  
 284 32  
 284 33  
 284 34  
 284 35  
 284 36  
 284 37  
 284 38  
 284 39  
 284 40  
 284 41  
 284 42  
 285 19  
 285 43  
 285 44  
 285 45  
 285 46  
 285 47  
 285 48  
 285 49  
 285 50  
 285 51  
 285 52  
 285 53  
 285 54  
 285 55  
 285 56  
 285 57  
 285 58  
 285 59  
 285 60  
 285 61  
 285 62  
 286 23  
 286 30  
 286 34  
 286 36  
 286 38  
 286 39  
 286 41  
 286 49  
 286 61  
 286 63  
 286 64  
 286 65  
 286 66  
 286 67  
 286 68  
 286 69  
 286 70  
 286 71  
 286 72  
 287 6  
 287 18  
 287 21  
 287 22  
 287 23  
 287 26  
 287 30  
 287 36  
 287 37  
 287 38  
 287 39  
 287 40  
 287 44  
 287 57  
 287 63  
 287 64  
 287 65  
 287 68  
 287 73  
 287 74  
 287 75  
 288 20  
 288 21  
 288 33  
 288 40  
 288 42  
 288 44  
 288 51  
 288 56  
 288 57  
 288 62  
 288 66  
 288 67  
 288 75  
 288 76  
 288 77  
 288 78  
 288 79  
 288 80  
 288 81  
 288 82  
 288 83  
 288 84  
 289 6  
 289 16  
 289 22  
 289 25  
 289 32  
 289 35  
 289 36  
 289 37  
 289 47  
 289 49  
 289 57  
 289 69  
 289 71  
 289 76  
 289 84  
 289 85  
 289 86  
 289 87  
 289 88  
 289 89  
 289 90  
 290 8  
 290 26  
 290 28  
 290 50  
 290 52  
 290 54  
 290 59  
 290 60  
 290 61  
 290 68  
 290 91  
 290 92  
 290 93  
 290 94  
 290 95  
 290 96  
 290 97  
 291 2  
 291 3  
 291 6  
 291 7  
 291 8  
 291 12  
 291 18  
 291 63  
 291 72  
 291 77  
 291 78  
 291 79  
 291 81  
 291 82  
 291 85  
 291 89  
 291 91  
 291 92  
 291 95  
 291 97  
 291 98  
 292 10  
 292 11  
 292 13  
 292 17  
 292 51  
 292 62  
 292 64  
 292 65  
 292 66  
 292 73  
 292 74  
 292 83  
 292 88  
 292 90  
 292 91  
 292 94  
 292 99  
 292 100  
 292 101  
 292 102  
 293 2  
 293 14  
 293 23  
 293 33  
 293 43  
 293 45  
 293 48  
 293 52  
 293 55  
 293 56  
 293 71  
 293 72  
 293 80  
 293 86  
 294 1  
 294 4  
 294 18  
 294 24  
 294 29  
 294 31  
 294 35  
 294 46  
 294 53  
 294 55  
 294 70  
 294 73  
 294 74  
 294 83  
 294 93  
 294 96  
 294 98  
 294 100  
 295 5  
 295 27  
 295 46  
 295 47  
 295 53  
 295 58  
 295 65  
 295 73  
 295 75  
 295 87  
 295 93  
 295 94  
 295 97  
 295 98  
 295 99  
 295 101  
 295 102  
 296 12  
 296 13  
 296 14  
 296 15  
 296 19  
 296 20  
 296 24  
 296 31  
 296 32  
 296 33  
 296 54  
 296 65  
 296 76  
 296 88  
 296 91  
 296 99  
 297 4  
 297 5  
 297 17  
 297 25  
 297 26  
 297 29  
 297 39  
 297 41  
 297 42  
 297 43  
 297 45  
 297 52  
 297 60  
 297 62  
 297 66  
 297 70  
 297 71  
 297 83  
 297 87  
 297 89  
 297 94  
 297 95  
 298 7  
 298 24  
 298 35  
 298 50  
 298 53  
 298 69  
 298 77  
 298 86  
 298 90  
 298 92  
 298 96  
 298 102  
 299 2  
 299 10  
 299 16  
 299 18  
 299 22  
 299 28  
 299 29  
 299 35  
 299 42  
 299 48  
 299 49  
 299 50  
 299 55  
 299 56  
 299 79  
 299 83  
 299 84  
 299 85  
 299 96  
 299 97  
 299 102  
 300 8  
 300 9  
 300 11  
 300 22  
 300 24  
 300 33  
 300 34  
 300 40  
 300 48  
 300 50  
 300 54  
 300 66  
 300 67  
 300 81  
 300 89  
 300 93  
 300 95  
 301 7  
 301 15  
 301 16  
 301 27  
 301 33  
 301 59  
 301 67  
 302 7  
 302 14  
 302 20  
 302 24  
 302 28  
 302 32  
 302 36  
 302 37  
 302 40  
 302 56  
 302 69  
 302 73  
 302 80  
 302 86  
 302 87  
 302 90  
 302 101  
 303 24  
 303 32  
 303 33  
 303 91  
 303 99  
 304 24  
 304 32  
 304 33  
 304 76  
 304 88  
 305 16  
 305 41  
 305 46  
 305 47  
 305 51  
 305 67  
 305 71  
 305 72  
 305 80  
 306 12  
 306 76  
 306 92  
 306 96  
 307 1  
 307 2  
 307 4  
 307 5  
 307 6  
 307 7  
 307 8  
 307 9  
 307 11  
 307 12  
 307 13  
 307 14  
 307 15  
 307 16  
 307 17  
 307 18  
 307 38  
 307 54  
 307 103  
 307 104  
 308 1  
 308 5  
 308 9  
 308 14  
 308 15  
 308 19  
 308 20  
 308 21  
 308 22  
 308 25  
 308 26  
 308 27  
 308 28  
 308 29  
 308 30  
 308 32  
 308 33  
 308 35  
 308 36  
 308 38  
 308 39  
 308 40  
 308 41  
 308 42  
 308 71  
 308 75  
 308 102  
 308 104  
 308 105  
 309 19  
 309 43  
 309 44  
 309 45  
 309 46  
 309 47  
 309 48  
 309 51  
 309 52  
 309 53  
 309 54  
 309 55  
 309 56  
 309 57  
 309 58  
 309 59  
 309 60  
 309 62  
 309 67  
 309 103  
 309 106  
 309 107  
 310 30  
 310 34  
 310 36  
 310 38  
 310 39  
 310 41  
 310 61  
 310 64  
 310 65  
 310 66  
 310 68  
 310 69  
 310 70  
 310 71  
 310 105  
 310 107  
 310 108  
 310 109  
 311 6  
 311 18  
 311 21  
 311 22  
 311 26  
 311 30  
 311 36  
 311 37  
 311 38  
 311 39  
 311 40  
 311 41  
 311 44  
 311 57  
 311 64  
 311 65  
 311 68  
 311 73  
 311 74  
 311 75  
 311 108  
 311 109  
 311 110  
 311 111  
 311 112  
 312 20  
 312 21  
 312 33  
 312 40  
 312 42  
 312 44  
 312 56  
 312 57  
 312 62  
 312 66  
 312 67  
 312 76  
 312 77  
 312 79  
 312 80  
 312 82  
 312 83  
 312 109  
 312 110  
 312 111  
 312 112  
 312 113  
 313 4  
 313 16  
 313 22  
 313 25  
 313 32  
 313 36  
 313 37  
 313 42  
 313 47  
 313 69  
 313 76  
 313 80  
 313 85  
 313 86  
 313 87  
 313 90  
 313 102  
 313 108  
 313 114  
 313 115  
 314 8  
 314 15  
 314 26  
 314 28  
 314 39  
 314 50  
 314 52  
 314 54  
 314 59  
 314 60  
 314 61  
 314 68  
 314 71  
 314 91  
 314 95  
 314 106  
 314 112  
 314 114  
 315 2  
 315 6  
 315 8  
 315 12  
 315 18  
 315 34  
 315 37  
 315 38  
 315 50  
 315 57  
 315 70  
 315 72  
 315 77  
 315 79  
 315 82  
 315 83  
 315 85  
 315 90  
 315 91  
 315 95  
 315 96  
 315 98  
 316 10  
 316 11  
 316 13  
 316 17  
 316 31  
 316 51  
 316 64  
 316 65  
 316 66  
 316 74  
 316 99  
 316 100  
 316 101  
 316 108  
 316 110  
 316 113  
 316 114  
 316 116  
 317 2  
 317 14  
 317 18  
 317 33  
 317 36  
 317 43  
 317 45  
 317 48  
 317 52  
 317 55  
 317 56  
 317 59  
 317 72  
 317 74  
 317 80  
 317 86  
 317 116  
 318 1  
 318 4  
 318 10  
 318 18  
 318 29  
 318 31  
 318 35  
 318 46  
 318 53  
 318 73  
 318 74  
 318 96  
 318 98  
 318 100  
 318 111  
 318 115  
 318 116  
 318 117  
 319 5  
 319 27  
 319 40  
 319 46  
 319 58  
 319 61  
 319 65  
 319 73  
 319 75  
 319 87  
 319 99  
 319 101  
 319 102  
 319 109  
 319 111  
 319 113  
 319 117  
 320 12  
 320 13  
 320 14  
 320 15  
 320 19  
 320 20  
 320 31  
 320 32  
 320 33  
 320 37  
 320 54  
 320 57  
 320 65  
 320 76  
 320 91  
 320 99  
 320 103  
 321 4  
 321 5  
 321 17  
 321 25  
 321 26  
 321 39  
 321 41  
 321 42  
 321 43  
 321 45  
 321 52  
 321 54  
 321 60  
 321 62  
 321 66  
 321 71  
 321 83  
 321 87  
 321 109  
 321 110  
 322 16  
 322 30  
 322 35  
 322 50  
 322 53  
 322 69  
 322 74  
 322 77  
 322 80  
 322 86  
 322 87  
 322 90  
 322 96  
 322 102  
 323 2  
 323 10  
 323 16  
 323 18  
 323 22  
 323 28  
 323 29  
 323 42  
 323 48  
 323 54  
 323 55  
 323 70  
 323 79  
 323 83  
 323 85  
 323 96  
 323 102  
 323 103  
 323 105  
 323 112  
 323 116  
 324 49  
 324 118  
 324 119  
 324 120  
 324 121  
 324 122  
 324 123  
 324 124  
 324 125  
 324 126  
 324 127  
 324 128  
 324 129  
 324 130  
 324 131  
 324 132  
 324 133  
 325 15  
 325 16  
 325 27  
 325 59  
 325 67  
 325 80  
 326 6  
 326 17  
 326 20  
 326 28  
 326 36  
 326 37  
 326 40  
 326 56  
 326 69  
 326 73  
 326 80  
 326 86  
 326 87  
 326 90  
 326 98  
 326 101  
 326 114  
 327 14  
 327 32  
 327 33  
 327 54  
 327 91  
 327 99  
 328 14  
 328 20  
 328 32  
 328 33  
 328 54  
 328 76  
 329 16  
 329 41  
 329 46  
 329 47  
 329 51  
 329 64  
 329 71  
 329 72  
 329 103  
 329 108  
 330 7  
 330 12  
 330 57  
 330 57  
 330 76  
 331 1  
 331 5  
 331 6  
 331 7  
 331 8  
 331 9  
 331 11  
 331 13  
 331 14  
 331 15  
 331 16  
 331 17  
 331 18  
 331 38  
 331 103  
 331 134  
 331 135  
 331 136  
 332 1  
 332 5  
 332 14  
 332 15  
 332 16  
 332 19  
 332 20  
 332 21  
 332 25  
 332 26  
 332 27  
 332 28  
 332 29  
 332 30  
 332 33  
 332 35  
 332 36  
 332 39  
 332 40  
 332 42  
 332 61  
 332 62  
 332 68  
 332 71  
 332 75  
 332 80  
 332 104  
 332 105  
 333 19  
 333 45  
 333 46  
 333 47  
 333 48  
 333 51  
 333 52  
 333 53  
 333 54  
 333 56  
 333 58  
 333 59  
 333 60  
 333 103  
 333 106  
 333 110  
 333 134  
 333 137  
 334 34  
 334 38  
 334 41  
 334 61  
 334 64  
 334 65  
 334 66  
 334 67  
 334 68  
 334 70  
 334 71  
 334 105  
 334 108  
 334 136  
 334 138  
 334 139  
 334 140  
 334 141  
 335 6  
 335 10  
 335 18  
 335 21  
 335 26  
 335 30  
 335 36  
 335 37  
 335 38  
 335 39  
 335 40  
 335 64  
 335 68  
 335 75  
 335 108  
 335 109  
 335 110  
 335 111  
 335 112  
 335 136  
 335 142  
 335 143  
 336 20  
 336 21  
 336 33  
 336 40  
 336 42  
 336 56  
 336 57  
 336 62  
 336 66  
 336 67  
 336 76  
 336 77  
 336 79  
 336 80  
 336 109  
 336 110  
 336 111  
 336 112  
 336 113  
 336 144  
 337 16  
 337 25  
 337 36  
 337 37  
 337 40  
 337 42  
 337 47  
 337 50  
 337 76  
 337 80  
 337 86  
 337 90  
 337 104  
 337 108  
 337 112  
 337 114  
 337 115  
 337 135  
 337 136  
 337 142  
 338 8  
 338 26  
 338 28  
 338 39  
 338 50  
 338 52  
 338 54  
 338 59  
 338 60  
 338 68  
 338 91  
 338 95  
 338 106  
 338 112  
 338 114  
 338 138  
 338 145  
 338 146  
 339 6  
 339 8  
 339 9  
 339 18  
 339 34  
 339 37  
 339 38  
 339 41  
 339 50  
 339 57  
 339 67  
 339 70  
 339 72  
 339 77  
 339 79  
 339 90  
 339 91  
 339 95  
 339 98  
 339 102  
 340 10  
 340 11  
 340 13  
 340 17  
 340 31  
 340 51  
 340 64  
 340 65  
 340 66  
 340 87  
 340 100  
 340 108  
 340 109  
 340 113  
 340 114  
 340 140  
 340 142  
 340 144  
 341 14  
 341 33  
 341 33  
 341 35  
 341 36  
 341 37  
 341 45  
 341 48  
 341 52  
 341 59  
 341 71  
 341 72  
 341 72  
 341 86  
 341 116  
 341 137  
 341 143  
 341 144  
 341 147  
 341 148  
 342 1  
 342 10  
 342 18  
 342 29  
 342 31  
 342 35  
 342 46  
 342 53  
 342 98  
 342 100  
 342 111  
 342 113  
 342 115  
 342 116  
 342 117  
 342 143  
 342 146  
 342 148  
 343 5  
 343 15  
 343 27  
 343 30  
 343 46  
 343 47  
 343 54  
 343 58  
 343 65  
 343 75  
 343 87  
 343 102  
 343 109  
 343 117  
 343 139  
 343 141  
 343 145  
 343 147  
 344 13  
 344 14  
 344 15  
 344 19  
 344 20  
 344 31  
 344 33  
 344 37  
 344 54  
 344 57  
 344 62  
 344 65  
 344 76  
 344 91  
 344 103  
 344 148  
 345 5  
 345 17  
 345 25  
 345 39  
 345 42  
 345 45  
 345 52  
 345 54  
 345 60  
 345 61  
 345 66  
 345 71  
 345 87  
 345 109  
 345 110  
 345 135  
 345 137  
 345 139  
 346 16  
 346 30  
 346 35  
 346 50  
 346 53  
 346 77  
 346 86  
 346 87  
 346 90  
 346 102  
 346 104  
 346 145  
 347 10  
 347 16  
 347 18  
 347 28  
 347 29  
 347 42  
 347 48  
 347 54  
 347 70  
 347 79  
 347 102  
 347 103  
 347 105  
 347 112  
 347 139  
 347 140  
 347 141  
 347 147  
 348 8  
 348 9  
 348 11  
 348 26  
 348 45  
 348 48  
 348 50  
 348 51  
 348 58  
 348 66  
 348 67  
 348 95  
 348 98  
 348 105  
 348 106  
 348 115  
 348 117  
 348 134  
 348 138  
 349 6  
 349 28  
 349 30  
 349 59  
 349 134  
 349 146  
 350 6  
 350 20  
 350 28  
 350 36  
 350 40  
 350 56  
 350 80  
 350 86  
 350 87  
 350 90  
 350 98  
 350 104  
 350 106  
 350 114  
 351 14  
 351 31  
 351 33  
 351 54  
 351 91  
 352 14  
 352 15  
 352 20  
 352 54  
 352 76  
 353 41  
 353 46  
 353 47  
 353 51  
 353 64  
 353 71  
 353 72  
 353 108  
 353 144  
 353 146  
 354 7  
 354 37  
 354 57  
 354 76  
 355 1  
 355 5  
 355 6  
 355 7  
 355 8  
 355 9  
 355 11  
 355 13  
 355 14  
 355 15  
 355 16  
 355 17  
 355 18  
 355 103  
 355 134  
 355 136  
 355 149  
 355 150  
 355 151  
 356 1  
 356 5  
 356 14  
 356 15  
 356 16  
 356 19  
 356 20  
 356 21  
 356 26  
 356 27  
 356 28  
 356 29  
 356 30  
 356 31  
 356 33  
 356 35  
 356 36  
 356 39  
 356 40  
 356 42  
 356 62  
 356 71  
 356 75  
 356 80  
 356 104  
 356 105  
 356 115  
 356 143  
 357 19  
 357 45  
 357 46  
 357 47  
 357 51  
 357 52  
 357 53  
 357 54  
 357 56  
 357 59  
 357 103  
 357 106  
 357 110  
 357 134  
 357 135  
 357 137  
 357 138  
 357 141  
 357 145  
 357 146  
 358 37  
 358 38  
 358 41  
 358 64  
 358 65  
 358 66  
 358 67  
 358 71  
 358 103  
 358 105  
 358 108  
 358 136  
 358 138  
 358 139  
 358 140  
 358 141  
 358 152  
 358 153  
 358 154  
 358 155  
 358 156  
 359 6  
 359 10  
 359 18  
 359 21  
 359 26  
 359 30  
 359 36  
 359 37  
 359 38  
 359 39  
 359 40  
 359 64  
 359 68  
 359 75  
 359 108  
 359 109  
 359 110  
 359 111  
 359 112  
 359 136  
 359 142  
 359 143  
 360 20  
 360 21  
 360 33  
 360 40  
 360 42  
 360 56  
 360 57  
 360 62  
 360 66  
 360 67  
 360 77  
 360 79  
 360 80  
 360 109  
 360 110  
 360 111  
 360 112  
 360 113  
 360 137  
 360 144  
 361 16  
 361 36  
 361 37  
 361 40  
 361 42  
 361 47  
 361 50  
 361 80  
 361 86  
 361 90  
 361 104  
 361 112  
 361 114  
 361 135  
 361 136  
 361 142  
 361 149  
 361 150  
 361 152  
 361 155  
 362 8  
 362 26  
 362 28  
 362 39  
 362 50  
 362 52  
 362 54  
 362 59  
 362 62  
 362 68  
 362 71  
 362 91  
 362 95  
 362 106  
 362 112  
 362 114  
 362 151  
 362 153  
 362 157  
 363 6  
 363 8  
 363 9  
 363 17  
 363 18  
 363 37  
 363 38  
 363 41  
 363 50  
 363 51  
 363 57  
 363 67  
 363 72  
 363 77  
 363 79  
 363 90  
 363 91  
 363 95  
 363 98  
 363 102  
 363 116  
 364 10  
 364 11  
 364 13  
 364 17  
 364 64  
 364 65  
 364 66  
 364 68  
 364 87  
 364 100  
 364 108  
 364 109  
 364 113  
 364 114  
 364 140  
 364 142  
 364 144  
 364 148  
 364 157  
 365 14  
 365 33  
 365 35  
 365 36  
 365 45  
 365 52  
 365 72  
 365 75  
 365 86  
 365 116  
 365 137  
 365 143  
 365 147  
 365 148  
 365 151  
 365 156  
 366 1  
 366 10  
 366 18  
 366 29  
 366 31  
 366 35  
 366 46  
 366 53  
 366 59  
 366 98  
 366 100  
 366 111  
 366 113  
 366 115  
 366 117  
 366 146  
 366 148  
 366 154  
 367 5  
 367 27  
 367 30  
 367 46  
 367 47  
 367 65  
 367 75  
 367 87  
 367 102  
 367 109  
 367 117  
 367 139  
 367 140  
 367 141  
 367 144  
 367 145  
 367 146  
 367 147  
 368 13  
 368 14  
 368 15  
 368 19  
 368 20  
 368 31  
 368 33  
 368 37  
 368 54  
 368 57  
 368 62  
 368 65  
 368 91  
 368 103  
 368 148  
 368 154  
 369 5  
 369 17  
 369 39  
 369 42  
 369 45  
 369 52  
 369 66  
 369 71  
 369 87  
 369 110  
 369 111  
 369 135  
 369 137  
 369 139  
 369 149  
 369 151  
 369 153  
 369 156  
 370 16  
 370 30  
 370 35  
 370 50  
 370 53  
 370 77  
 370 86  
 370 87  
 370 90  
 370 102  
 370 104  
 370 145  
 371 10  
 371 16  
 371 18  
 371 28  
 371 29  
 371 42  
 371 62  
 371 67  
 371 79  
 371 102  
 371 103  
 371 105  
 371 112  
 371 139  
 371 140  
 371 141  
 371 147  
 371 150  
 371 152  
 371 155  
 372 8  
 372 9  
 372 11  
 372 26  
 372 41  
 372 45  
 372 50  
 372 51  
 372 66  
 372 67  
 372 95  
 372 98  
 372 105  
 372 106  
 372 115  
 372 117  
 372 134  
 372 138  
 373 6  
 373 28  
 373 59  
 373 134  
 373 143  
 373 151  
 374 6  
 374 20  
 374 28  
 374 36  
 374 40  
 374 56  
 374 80  
 374 86  
 374 87  
 374 90  
 374 98  
 374 104  
 374 106  
 374 114  
 375 14  
 375 15  
 375 33  
 375 65  
 375 91  
 376 14  
 376 15  
 376 20  
 376 31  
 376 37  
 377 41  
 377 46  
 377 47  
 377 51  
 377 64  
 377 71  
 377 72  
 377 108  
 377 144  
 377 146  
 378 7  
 378 28  
 378 37  
 378 57  
 379 1  
 379 5  
 379 6  
 379 7  
 379 8  
 379 11  
 379 13  
 379 14  
 379 15  
 379 87  
 379 114  
 379 134  
 379 138  
 379 145  
 379 149  
 379 150  
 379 153  
 379 158  
 379 159  
 379 160  
 379 161  
 380 1  
 380 5  
 380 14  
 380 15  
 380 16  
 380 19  
 380 20  
 380 21  
 380 27  
 380 28  
 380 29  
 380 30  
 380 31  
 380 33  
 380 35  
 380 36  
 380 39  
 380 42  
 380 62  
 380 71  
 380 75  
 380 80  
 380 104  
 380 105  
 380 117  
 380 135  
 380 136  
 380 141  
 380 143  
 381 19  
 381 45  
 381 46  
 381 47  
 381 52  
 381 53  
 381 54  
 381 56  
 381 59  
 381 86  
 381 103  
 381 106  
 381 134  
 381 135  
 381 137  
 381 138  
 381 141  
 381 145  
 381 146  
 381 147  
 381 152  
 381 160  
 381 161  
 381 162  
 381 163  
 382 38  
 382 64  
 382 65  
 382 71  
 382 86  
 382 103  
 382 105  
 382 136  
 382 138  
 382 139  
 382 140  
 382 141  
 382 152  
 382 153  
 382 154  
 382 155  
 382 158  
 382 159  
 382 164  
 382 165  
 382 166  
 383 6  
 383 10  
 383 18  
 383 19  
 383 21  
 383 30  
 383 36  
 383 37  
 383 38  
 383 39  
 383 64  
 383 75  
 383 109  
 383 110  
 383 112  
 383 136  
 383 138  
 383 140  
 383 142  
 383 159  
 383 162  
 383 165  
 383 167  
 384 20  
 384 21  
 384 33  
 384 42  
 384 56  
 384 57  
 384 62  
 384 66  
 384 68  
 384 77  
 384 79  
 384 80  
 384 110  
 384 112  
 384 137  
 384 142  
 384 144  
 384 149  
 384 156  
 384 162  
 384 163  
 384 166  
 384 168  
 385 16  
 385 31  
 385 36  
 385 37  
 385 42  
 385 47  
 385 50  
 385 80  
 385 86  
 385 90  
 385 104  
 385 105  
 385 112  
 385 114  
 385 115  
 385 135  
 385 136  
 385 140  
 385 142  
 385 154  
 385 155  
 385 164  
 385 169  
 386 8  
 386 28  
 386 35  
 386 39  
 386 50  
 386 52  
 386 54  
 386 59  
 386 68  
 386 104  
 386 106  
 386 112  
 386 151  
 386 153  
 386 157  
 386 164  
 386 165  
 386 167  
 386 170  
 387 6  
 387 7  
 387 8  
 387 18  
 387 37  
 387 38  
 387 47  
 387 50  
 387 57  
 387 66  
 387 77  
 387 79  
 387 90  
 387 98  
 387 102  
 387 102  
 387 110  
 387 114  
 387 115  
 387 116  
 387 148  
 387 150  
 388 10  
 388 11  
 388 13  
 388 64  
 388 65  
 388 66  
 388 68  
 388 77  
 388 87  
 388 100  
 388 109  
 388 114  
 388 139  
 388 140  
 388 142  
 388 144  
 388 148  
 388 157  
 388 162  
 388 168  
 389 14  
 389 33  
 389 36  
 389 45  
 389 52  
 389 71  
 389 75  
 389 86  
 389 116  
 389 137  
 389 143  
 389 147  
 389 148  
 389 149  
 389 151  
 389 161  
 389 163  
 389 164  
 390 1  
 390 10  
 390 15  
 390 18  
 390 29  
 390 31  
 390 35  
 390 46  
 390 53  
 390 98  
 390 100  
 390 115  
 390 117  
 390 143  
 390 144  
 390 146  
 390 154  
 390 156  
 390 169  
 391 5  
 391 27  
 391 30  
 391 39  
 391 46  
 391 47  
 391 54  
 391 65  
 391 75  
 391 87  
 391 102  
 391 109  
 391 117  
 391 134  
 391 139  
 391 141  
 391 145  
 391 146  
 391 147  
 391 156  
 391 167  
 392 7  
 392 13  
 392 14  
 392 15  
 392 19  
 392 20  
 392 31  
 392 33  
 392 37  
 392 54  
 392 57  
 392 62  
 392 65  
 392 79  
 392 103  
 392 143  
 392 148  
 392 154  
 392 161  
 393 5  
 393 39  
 393 42  
 393 45  
 393 52  
 393 66  
 393 71  
 393 87  
 393 110  
 393 135  
 393 137  
 393 139  
 393 149  
 393 153  
 393 156  
 393 163  
 393 166  
 393 168  
 393 169  
 394 16  
 394 30  
 394 35  
 394 50  
 394 53  
 394 77  
 394 86  
 394 87  
 394 90  
 394 102  
 394 104  
 394 145  
 394 158  
 394 160  
 395 10  
 395 16  
 395 28  
 395 29  
 395 42  
 395 79  
 395 102  
 395 103  
 395 105  
 395 112  
 395 139  
 395 140  
 395 142  
 395 145  
 395 147  
 395 149  
 395 150  
 395 155  
 395 159  
 395 163  
 395 164  
 395 166  
 396 11  
 396 27  
 396 31  
 396 45  
 396 50  
 396 77  
 396 98  
 396 105  
 396 106  
 396 112  
 396 115  
 396 116  
 396 117  
 396 134  
 396 143  
 396 155  
 396 156  
 397 28  
 397 86  
 397 114  
 397 134  
 397 150  
 397 151  
 398 6  
 398 20  
 398 28  
 398 36  
 398 56  
 398 80  
 398 86  
 398 87  
 398 90  
 398 98  
 398 104  
 398 106  
 398 114  
 398 136  
 398 169  
 399 14  
 399 33  
 399 65  
 399 154  
 399 161  
 400 14  
 400 20  
 400 31  
 400 103  
 400 161  
 401 46  
 401 47  
 401 64  
 401 71  
 401 141  
 401 144  
 401 146  
 401 148  
 401 153  
 401 157  
 401 165  
 402 7  
 402 7  
 402 7  
 402 28  
 402 28  
 402 28  
 402 37  
 402 37  
 402 37  
 402 57  
 402 57  
 402 57  
 403 1  
 403 5  
 403 6  
 403 7  
 403 8  
 403 11  
 403 14  
 403 15  
 403 18  
 403 134  
 403 149  
 403 150  
 403 153  
 403 158  
 403 159  
 403 160  
 403 161  
 403 171  
 403 172  
 403 173  
 403 174  
 404 1  
 404 5  
 404 14  
 404 15  
 404 16  
 404 19  
 404 20  
 404 21  
 404 27  
 404 28  
 404 29  
 404 30  
 404 31  
 404 33  
 404 35  
 404 36  
 404 39  
 404 42  
 404 62  
 404 71  
 404 75  
 404 80  
 404 104  
 404 105  
 404 117  
 404 135  
 404 136  
 404 143  
 404 144  
 405 19  
 405 45  
 405 46  
 405 52  
 405 54  
 405 56  
 405 86  
 405 106  
 405 134  
 405 138  
 405 141  
 405 146  
 405 147  
 405 155  
 405 160  
 405 161  
 405 162  
 405 166  
 405 167  
 405 171  
 405 173  
 405 174  
 405 175  
 405 176  
 405 177  
 406 64  
 406 65  
 406 71  
 406 103  
 406 105  
 406 136  
 406 138  
 406 139  
 406 140  
 406 141  
 406 152  
 406 153  
 406 154  
 406 155  
 406 157  
 406 158  
 406 159  
 406 164  
 406 165  
 406 174  
 406 178  
 407 6  
 407 10  
 407 18  
 407 19  
 407 21  
 407 30  
 407 36  
 407 37  
 407 42  
 407 64  
 407 75  
 407 112  
 407 136  
 407 138  
 407 139  
 407 146  
 407 152  
 407 153  
 407 159  
 407 162  
 407 165  
 407 166  
 407 176  
 408 20  
 408 21  
 408 26  
 408 33  
 408 42  
 408 56  
 408 57  
 408 62  
 408 66  
 408 68  
 408 77  
 408 79  
 408 80  
 408 110  
 408 112  
 408 142  
 408 144  
 408 149  
 408 162  
 408 166  
 408 168  
 408 169  
 408 178  
 409 16  
 409 31  
 409 36  
 409 37  
 409 42  
 409 47  
 409 50  
 409 80  
 409 86  
 409 104  
 409 112  
 409 114  
 409 115  
 409 135  
 409 136  
 409 142  
 409 152  
 409 154  
 409 155  
 409 169  
 409 173  
 409 179  
 409 180  
 410 8  
 410 28  
 410 39  
 410 50  
 410 52  
 410 54  
 410 68  
 410 106  
 410 112  
 410 114  
 410 138  
 410 151  
 410 153  
 410 157  
 410 164  
 410 167  
 410 170  
 410 176  
 410 180  
 411 6  
 411 7  
 411 8  
 411 18  
 411 37  
 411 47  
 411 50  
 411 57  
 411 66  
 411 77  
 411 79  
 411 98  
 411 103  
 411 109  
 411 110  
 411 114  
 411 115  
 411 142  
 411 150  
 411 152  
 411 170  
 412 10  
 412 11  
 412 64  
 412 65  
 412 66  
 412 68  
 412 77  
 412 100  
 412 139  
 412 140  
 412 144  
 412 151  
 412 157  
 412 162  
 412 165  
 412 168  
 412 172  
 412 178  
 412 179  
 413 26  
 413 33  
 413 35  
 413 45  
 413 52  
 413 71  
 413 86  
 413 105  
 413 143  
 413 147  
 413 149  
 413 151  
 413 161  
 413 164  
 413 172  
 413 177  
 413 178  
 414 1  
 414 10  
 414 16  
 414 18  
 414 29  
 414 31  
 414 35  
 414 46  
 414 98  
 414 100  
 414 115  
 414 117  
 414 143  
 414 146  
 414 154  
 414 156  
 414 171  
 414 175  
 414 176  
 415 5  
 415 27  
 415 30  
 415 39  
 415 46  
 415 47  
 415 54  
 415 65  
 415 75  
 415 109  
 415 117  
 415 134  
 415 139  
 415 141  
 415 146  
 415 156  
 415 166  
 415 167  
 415 170  
 415 175  
 415 179  
 416 7  
 416 14  
 416 15  
 416 19  
 416 20  
 416 31  
 416 33  
 416 37  
 416 57  
 416 62  
 416 65  
 416 79  
 416 103  
 416 109  
 416 142  
 416 143  
 416 154  
 416 161  
 416 171  
 417 5  
 417 39  
 417 42  
 417 45  
 417 52  
 417 66  
 417 71  
 417 110  
 417 135  
 417 139  
 417 149  
 417 153  
 417 155  
 417 156  
 417 166  
 417 168  
 417 169  
 417 172  
 417 177  
 418 16  
 418 30  
 418 35  
 418 50  
 418 62  
 418 77  
 418 86  
 418 104  
 418 152  
 418 158  
 418 160  
 418 166  
 418 170  
 418 175  
 418 180  
 419 10  
 419 16  
 419 28  
 419 29  
 419 33  
 419 79  
 419 98  
 419 103  
 419 105  
 419 112  
 419 139  
 419 142  
 419 147  
 419 149  
 419 150  
 419 155  
 419 159  
 419 164  
 419 170  
 419 173  
 419 174  
 420 27  
 420 31  
 420 39  
 420 45  
 420 54  
 420 57  
 420 77  
 420 98  
 420 110  
 420 112  
 420 117  
 420 134  
 420 140  
 420 143  
 420 155  
 420 156  
 420 171  
 421 28  
 421 86  
 421 114  
 421 134  
 421 150  
 421 151  
 422 6  
 422 20  
 422 28  
 422 36  
 422 56  
 422 80  
 422 86  
 422 98  
 422 104  
 422 106  
 422 114  
 422 136  
 422 142  
 422 169  
 422 180  
 423 14  
 423 33  
 423 57  
 423 65  
 423 154  
 424 14  
 424 20  
 424 142  
 424 161  
 424 171  
 425 46  
 425 47  
 425 64  
 425 71  
 425 141  
 425 144  
 425 146  
 425 147  
 425 178  
 425 179  
 426 7  
 426 15  
 426 28  
 426 109  
 427 1  
 427 5  
 427 6  
 427 8  
 427 11  
 427 14  
 427 15  
 427 18  
 427 103  
 427 114  
 427 134  
 427 150  
 427 153  
 427 159  
 427 160  
 427 161  
 427 171  
 427 172  
 427 173  
 427 181  
 428 1  
 428 5  
 428 14  
 428 15  
 428 16  
 428 19  
 428 20  
 428 27  
 428 28  
 428 29  
 428 30  
 428 31  
 428 33  
 428 35  
 428 36  
 428 39  
 428 42  
 428 62  
 428 71  
 428 75  
 428 80  
 428 105  
 428 117  
 428 135  
 428 136  
 428 138  
 428 143  
 428 144  
 429 19  
 429 45  
 429 46  
 429 52  
 429 54  
 429 56  
 429 86  
 429 106  
 429 134  
 429 141  
 429 146  
 429 147  
 429 155  
 429 160  
 429 161  
 429 162  
 429 166  
 429 167  
 429 171  
 429 173  
 429 174  
 429 175  
 429 176  
 429 182  
 430 64  
 430 65  
 430 71  
 430 103  
 430 105  
 430 136  
 430 138  
 430 139  
 430 140  
 430 141  
 430 152  
 430 153  
 430 154  
 430 155  
 430 159  
 430 164  
 430 165  
 430 174  
 430 178  
 430 183  
 430 184  
 431 6  
 431 10  
 431 18  
 431 19  
 431 30  
 431 36  
 431 64  
 431 75  
 431 112  
 431 136  
 431 138  
 431 139  
 431 146  
 431 152  
 431 153  
 431 159  
 431 162  
 431 165  
 431 166  
 431 175  
 431 176  
 431 179  
 431 184  
 432 20  
 432 26  
 432 33  
 432 42  
 432 56  
 432 57  
 432 62  
 432 66  
 432 68  
 432 77  
 432 80  
 432 110  
 432 142  
 432 160  
 432 162  
 432 166  
 432 168  
 432 169  
 432 177  
 432 178  
 432 185  
 432 186  
 433 16  
 433 31  
 433 36  
 433 42  
 433 47  
 433 80  
 433 86  
 433 112  
 433 114  
 433 135  
 433 136  
 433 142  
 433 152  
 433 165  
 433 168  
 433 169  
 433 173  
 433 179  
 433 180  
 433 181  
 433 183  
 433 184  
 433 187  
 434 8  
 434 26  
 434 39  
 434 52  
 434 54  
 434 68  
 434 106  
 434 151  
 434 157  
 434 164  
 434 167  
 434 170  
 434 180  
 434 182  
 434 185  
 434 186  
 434 188  
 434 189  
 435 6  
 435 8  
 435 18  
 435 47  
 435 57  
 435 66  
 435 77  
 435 98  
 435 103  
 435 109  
 435 110  
 435 112  
 435 114  
 435 115  
 435 142  
 435 150  
 435 152  
 435 153  
 435 154  
 435 170  
 436 10  
 436 11  
 436 64  
 436 65  
 436 66  
 436 68  
 436 100  
 436 140  
 436 151  
 436 157  
 436 162  
 436 168  
 436 172  
 436 178  
 436 179  
 436 180  
 436 183  
 436 189  
 437 26  
 437 33  
 437 36  
 437 45  
 437 52  
 437 54  
 437 71  
 437 86  
 437 147  
 437 151  
 437 157  
 437 161  
 437 164  
 437 172  
 437 177  
 437 190  
 438 1  
 438 10  
 438 18  
 438 29  
 438 31  
 438 35  
 438 46  
 438 98  
 438 100  
 438 115  
 438 117  
 438 143  
 438 144  
 438 146  
 438 154  
 438 175  
 438 176  
 438 190  
 439 5  
 439 27  
 439 30  
 439 46  
 439 47  
 439 65  
 439 75  
 439 98  
 439 109  
 439 117  
 439 134  
 439 139  
 439 141  
 439 146  
 439 166  
 439 167  
 439 170  
 439 179  
 439 187  
 439 188  
 440 14  
 440 15  
 440 19  
 440 20  
 440 31  
 440 33  
 440 57  
 440 62  
 440 65  
 440 71  
 440 103  
 440 109  
 440 140  
 440 143  
 440 154  
 440 160  
 440 161  
 440 171  
 441 5  
 441 39  
 441 42  
 441 45  
 441 52  
 441 66  
 441 110  
 441 135  
 441 139  
 441 155  
 441 168  
 441 169  
 441 172  
 441 176  
 441 177  
 441 182  
 441 186  
 441 188  
 442 16  
 442 30  
 442 35  
 442 62  
 442 77  
 442 86  
 442 166  
 442 170  
 442 175  
 442 181  
 442 182  
 442 187  
 442 188  
 442 189  
 443 10  
 443 16  
 443 29  
 443 42  
 443 103  
 443 105  
 443 112  
 443 142  
 443 147  
 443 150  
 443 155  
 443 162  
 443 164  
 443 167  
 443 170  
 443 173  
 443 174  
 443 179  
 443 181  
 443 183  
 443 185  
 444 10  
 444 27  
 444 31  
 444 39  
 444 45  
 444 54  
 444 57  
 444 77  
 444 98  
 444 110  
 444 112  
 444 117  
 444 134  
 444 140  
 444 155  
 444 165  
 444 171  
 445 86  
 445 114  
 445 134  
 445 136  
 445 151  
 445 177  
 445 181  
 446 6  
 446 20  
 446 36  
 446 56  
 446 80  
 446 86  
 446 114  
 446 136  
 446 142  
 446 153  
 446 169  
 446 180  
 446 187  
 446 190  
 447 14  
 447 33  
 447 57  
 447 65  
 447 154  
 448 14  
 448 20  
 448 57  
 448 161  
 448 171  
 449 46  
 449 47  
 449 64  
 449 71  
 449 141  
 449 144  
 449 146  
 449 176  
 449 178  
 449 185  
 450 15  
 450 28  
 450 109  
 450 143  
 451 1  
 451 5  
 451 6  
 451 8  
 451 11  
 451 14  
 451 15  
 451 18  
 451 134  
 451 150  
 451 153  
 451 159  
 451 160  
 451 171  
 451 172  
 451 175  
 451 181  
 451 182  
 451 191  
 451 192  
 451 193  
 452 1  
 452 5  
 452 14  
 452 15  
 452 16  
 452 19  
 452 20  
 452 26  
 452 27  
 452 29  
 452 30  
 452 31  
 452 33  
 452 35  
 452 36  
 452 39  
 452 62  
 452 71  
 452 75  
 452 80  
 452 105  
 452 135  
 452 136  
 452 138  
 452 141  
 452 143  
 452 144  
 452 160  
 452 179  
 453 19  
 453 45  
 453 46  
 453 52  
 453 54  
 453 56  
 453 86  
 453 106  
 453 141  
 453 146  
 453 147  
 453 155  
 453 160  
 453 162  
 453 166  
 453 167  
 453 171  
 453 174  
 453 175  
 453 176  
 453 177  
 453 182  
 453 183  
 453 194  
 453 195  
 453 196  
 453 197  
 454 65  
 454 71  
 454 86  
 454 105  
 454 136  
 454 138  
 454 139  
 454 140  
 454 141  
 454 152  
 454 153  
 454 154  
 454 155  
 454 164  
 454 174  
 454 178  
 454 183  
 454 184  
 454 191  
 454 192  
 454 196  
 454 198  
 455 6  
 455 10  
 455 18  
 455 19  
 455 26  
 455 30  
 455 36  
 455 75  
 455 112  
 455 138  
 455 139  
 455 146  
 455 152  
 455 153  
 455 159  
 455 162  
 455 166  
 455 175  
 455 176  
 455 184  
 455 199  
 455 200  
 455 201  
 456 20  
 456 26  
 456 33  
 456 56  
 456 57  
 456 62  
 456 66  
 456 68  
 456 77  
 456 80  
 456 110  
 456 142  
 456 162  
 456 164  
 456 166  
 456 169  
 456 177  
 456 178  
 456 182  
 456 185  
 456 186  
 456 193  
 456 195  
 456 197  
 457 16  
 457 36  
 457 47  
 457 80  
 457 86  
 457 112  
 457 114  
 457 135  
 457 136  
 457 142  
 457 146  
 457 150  
 457 152  
 457 169  
 457 180  
 457 181  
 457 183  
 457 184  
 457 185  
 457 187  
 457 196  
 457 198  
 457 200  
 457 202  
 458 8  
 458 16  
 458 26  
 458 39  
 458 52  
 458 54  
 458 68  
 458 106  
 458 114  
 458 151  
 458 164  
 458 167  
 458 179  
 458 186  
 458 188  
 458 193  
 458 199  
 458 200  
 458 201  
 458 202  
 459 6  
 459 8  
 459 18  
 459 47  
 459 57  
 459 66  
 459 77  
 459 98  
 459 110  
 459 112  
 459 114  
 459 115  
 459 134  
 459 142  
 459 150  
 459 152  
 459 153  
 459 154  
 459 159  
 459 166  
 459 169  
 459 178  
 459 181  
 460 10  
 460 11  
 460 65  
 460 66  
 460 68  
 460 100  
 460 140  
 460 151  
 460 162  
 460 172  
 460 178  
 460 180  
 460 184  
 460 185  
 460 186  
 460 188  
 460 189  
 460 192  
 460 194  
 460 196  
 460 199  
 460 202  
 461 33  
 461 36  
 461 45  
 461 52  
 461 54  
 461 86  
 461 135  
 461 147  
 461 151  
 461 164  
 461 172  
 461 177  
 461 178  
 461 189  
 461 190  
 461 195  
 461 198  
 462 1  
 462 10  
 462 18  
 462 29  
 462 31  
 462 35  
 462 46  
 462 98  
 462 100  
 462 115  
 462 143  
 462 144  
 462 146  
 462 154  
 462 175  
 462 176  
 462 190  
 462 199  
 462 201  
 463 5  
 463 27  
 463 30  
 463 46  
 463 47  
 463 65  
 463 75  
 463 98  
 463 134  
 463 138  
 463 139  
 463 141  
 463 167  
 463 179  
 463 180  
 463 187  
 463 188  
 463 189  
 463 190  
 463 191  
 463 200  
 464 14  
 464 15  
 464 19  
 464 20  
 464 28  
 464 30  
 464 31  
 464 33  
 464 57  
 464 62  
 464 65  
 464 71  
 464 140  
 464 143  
 464 154  
 464 160  
 464 166  
 464 171  
 464 177  
 464 179  
 465 5  
 465 39  
 465 45  
 465 52  
 465 66  
 465 110  
 465 135  
 465 139  
 465 155  
 465 169  
 465 172  
 465 174  
 465 177  
 465 182  
 465 186  
 465 188  
 465 196  
 465 198  
 465 199  
 466 16  
 466 30  
 466 35  
 466 62  
 466 77  
 466 86  
 466 166  
 466 175  
 466 187  
 466 188  
 466 189  
 466 191  
 466 194  
 466 197  
 466 198  
 466 200  
 467 16  
 467 29  
 467 35  
 467 105  
 467 112  
 467 142  
 467 147  
 467 150  
 467 155  
 467 162  
 467 164  
 467 167  
 467 172  
 467 174  
 467 181  
 467 183  
 467 186  
 467 192  
 467 195  
 467 196  
 467 201  
 468 10  
 468 27  
 468 31  
 468 39  
 468 45  
 468 54  
 468 77  
 468 98  
 468 110  
 468 112  
 468 140  
 468 155  
 468 162  
 468 171  
 468 187  
 468 201  
 469 68  
 469 114  
 469 134  
 469 136  
 469 176  
 469 177  
 469 181  
 469 188  
 470 6  
 470 20  
 470 36  
 470 56  
 470 80  
 470 86  
 470 114  
 470 136  
 470 142  
 470 169  
 470 180  
 470 187  
 470 190  
 470 202  
 471 31  
 471 33  
 471 65  
 471 71  
 471 154  
 472 20  
 472 30  
 472 31  
 472 71  
 472 171  
 473 46  
 473 47  
 473 71  
 473 144  
 473 154  
 473 178  
 473 185  
 473 192  
 473 193  
 473 194  
 474 15  
 474 28  
 474 57  
 474 115  
 474 143  
 475 1  
 475 5  
 475 6  
 475 8  
 475 11  
 475 14  
 475 15  
 475 18  
 475 134  
 475 150  
 475 159  
 475 160  
 475 171  
 475 176  
 475 182  
 475 191  
 475 192  
 475 193  
 475 203  
 475 204  
 475 205  
 476 1  
 476 5  
 476 14  
 476 15  
 476 19  
 476 20  
 476 26  
 476 27  
 476 29  
 476 30  
 476 31  
 476 35  
 476 39  
 476 62  
 476 71  
 476 75  
 476 80  
 476 105  
 476 118  
 476 135  
 476 136  
 476 141  
 476 143  
 476 144  
 476 147  
 476 151  
 476 160  
 476 177  
 476 179  
 476 180  
 476 198  
 477 19  
 477 45  
 477 46  
 477 52  
 477 56  
 477 86  
 477 106  
 477 141  
 477 146  
 477 147  
 477 155  
 477 160  
 477 162  
 477 171  
 477 175  
 477 182  
 477 183  
 477 186  
 477 187  
 477 194  
 477 195  
 477 197  
 477 206  
 477 207  
 477 208  
 477 209  
 477 210  
 477 211  
 478 29  
 478 62  
 478 65  
 478 71  
 478 75  
 478 86  
 478 105  
 478 136  
 478 141  
 478 152  
 478 153  
 478 154  
 478 155  
 478 183  
 478 184  
 478 185  
 478 186  
 478 191  
 478 196  
 478 198  
 478 203  
 478 205  
 478 212  
 478 213  
 479 6  
 479 10  
 479 18  
 479 19  
 479 30  
 479 75  
 479 112  
 479 139  
 479 146  
 479 152  
 479 153  
 479 159  
 479 162  
 479 166  
 479 175  
 479 176  
 479 179  
 479 184  
 479 199  
 479 200  
 479 201  
 479 212  
 479 213  
 480 20  
 480 26  
 480 62  
 480 66  
 480 68  
 480 77  
 480 80  
 480 110  
 480 144  
 480 162  
 480 166  
 480 169  
 480 177  
 480 182  
 480 183  
 480 185  
 480 186  
 480 188  
 480 193  
 480 195  
 480 197  
 480 205  
 480 208  
 480 211  
 480 212  
 480 214  
 481 47  
 481 56  
 481 71  
 481 80  
 481 112  
 481 135  
 481 136  
 481 144  
 481 146  
 481 150  
 481 152  
 481 155  
 481 159  
 481 169  
 481 180  
 481 184  
 481 187  
 481 196  
 481 198  
 481 200  
 481 202  
 481 206  
 481 215  
 481 216  
 482 8  
 482 26  
 482 35  
 482 39  
 482 68  
 482 106  
 482 118  
 482 151  
 482 153  
 482 164  
 482 179  
 482 186  
 482 193  
 482 199  
 482 200  
 482 201  
 482 202  
 482 204  
 482 213  
 482 214  
 483 6  
 483 8  
 483 18  
 483 47  
 483 66  
 483 77  
 483 98  
 483 110  
 483 112  
 483 115  
 483 134  
 483 139  
 483 150  
 483 152  
 483 153  
 483 154  
 483 159  
 483 162  
 483 164  
 483 166  
 483 169  
 483 176  
 483 181  
 483 184  
 484 10  
 484 11  
 484 65  
 484 66  
 484 68  
 484 106  
 484 184  
 484 185  
 484 188  
 484 192  
 484 194  
 484 196  
 484 197  
 484 199  
 484 202  
 484 204  
 484 215  
 484 216  
 484 217  
 485 45  
 485 52  
 485 56  
 485 71  
 485 86  
 485 135  
 485 147  
 485 151  
 485 164  
 485 166  
 485 175  
 485 177  
 485 190  
 485 195  
 485 198  
 485 203  
 485 209  
 485 210  
 486 1  
 486 10  
 486 18  
 486 29  
 486 31  
 486 35  
 486 98  
 486 112  
 486 115  
 486 118  
 486 143  
 486 146  
 486 154  
 486 175  
 486 176  
 486 190  
 486 193  
 486 199  
 486 201  
 486 217  
 486 218  
 487 5  
 487 27  
 487 30  
 487 46  
 487 47  
 487 56  
 487 65  
 487 75  
 487 98  
 487 134  
 487 139  
 487 141  
 487 179  
 487 180  
 487 187  
 487 188  
 487 190  
 487 191  
 487 192  
 487 200  
 487 203  
 487 207  
 487 213  
 487 218  
 488 14  
 488 15  
 488 19  
 488 20  
 488 30  
 488 31  
 488 62  
 488 65  
 488 71  
 488 134  
 488 143  
 488 154  
 488 160  
 488 166  
 488 171  
 488 177  
 488 179  
 488 212  
 488 214  
 489 5  
 489 39  
 489 45  
 489 52  
 489 66  
 489 110  
 489 135  
 489 139  
 489 155  
 489 169  
 489 177  
 489 182  
 489 186  
 489 188  
 489 197  
 489 199  
 489 207  
 489 215  
 489 216  
 490 30  
 490 77  
 490 86  
 490 118  
 490 118  
 490 175  
 490 187  
 490 188  
 490 191  
 490 194  
 490 197  
 490 198  
 490 200  
 490 205  
 490 208  
 490 209  
 491 29  
 491 35  
 491 98  
 491 105  
 491 112  
 491 118  
 491 144  
 491 147  
 491 150  
 491 155  
 491 162  
 491 171  
 491 175  
 491 183  
 491 192  
 491 195  
 491 196  
 491 201  
 491 203  
 491 204  
 491 206  
 491 211  
 492 10  
 492 27  
 492 31  
 492 39  
 492 77  
 492 98  
 492 110  
 492 112  
 492 155  
 492 162  
 492 171  
 492 187  
 492 190  
 492 201  
 492 216  
 493 68  
 493 134  
 493 177  
 493 188  
 493 191  
 493 216  
 494 6  
 494 20  
 494 56  
 494 80  
 494 86  
 494 136  
 494 153  
 494 169  
 494 180  
 494 190  
 494 198  
 494 202  
 494 205  
 494 214  
 495 14  
 495 65  
 495 71  
 495 143  
 495 154  
 496 30  
 496 71  
 496 154  
 496 171  
 496 214  
 497 6  
 497 8  
 497 18  
 497 77  
 497 98  
 498 46  
 498 47  
 498 71  
 498 144  
 498 154  
 498 185  
 498 192  
 498 193  
 498 194  
 498 216  
 499 15  
 499 28  
 499 115  
 499 143  
 500 1  
 500 5  
 500 6  
 500 8  
 500 11  
 500 14  
 500 15  
 500 18  
 500 134  
 500 159  
 500 160  
 500 171  
 500 182  
 500 191  
 500 192  
 500 193  
 500 203  
 500 204  
 500 205  
 500 219  
 500 220  
 501 1  
 501 5  
 501 14  
 501 15  
 501 20  
 501 26  
 501 27  
 501 29  
 501 30  
 501 31  
 501 58  
 501 62  
 501 105  
 501 135  
 501 136  
 501 141  
 501 143  
 501 147  
 501 160  
 501 175  
 501 177  
 501 179  
 501 180  
 501 191  
 501 198  
 501 221  
 501 222  
 501 223  
 501 224  
 501 225  
 502 45  
 502 52  
 502 56  
 502 86  
 502 106  
 502 141  
 502 146  
 502 147  
 502 160  
 502 171  
 502 175  
 502 176  
 502 186  
 502 194  
 502 195  
 502 197  
 502 204  
 502 206  
 502 207  
 502 208  
 502 215  
 502 226  
 502 227  
 502 228  
 502 229  
 502 230  
 503 29  
 503 86  
 503 105  
 503 136  
 503 141  
 503 153  
 503 154  
 503 184  
 503 185  
 503 186  
 503 191  
 503 196  
 503 197  
 503 198  
 503 203  
 503 205  
 503 207  
 503 212  
 503 213  
 503 221  
 503 223  
 503 231  
 504 6  
 504 18  
 504 30  
 504 112  
 504 139  
 504 146  
 504 153  
 504 159  
 504 162  
 504 166  
 504 175  
 504 176  
 504 182  
 504 199  
 504 200  
 504 201  
 504 208  
 504 212  
 504 213  
 504 225  
 504 229  
 504 230  
 504 231  
 504 232  
 505 20  
 505 26  
 505 62  
 505 66  
 505 68  
 505 77  
 505 110  
 505 162  
 505 166  
 505 169  
 505 177  
 505 182  
 505 185  
 505 188  
 505 193  
 505 195  
 505 197  
 505 208  
 505 212  
 505 214  
 505 219  
 505 222  
 505 230  
 505 231  
 505 233  
 505 234  
 506 47  
 506 58  
 506 112  
 506 135  
 506 136  
 506 159  
 506 169  
 506 180  
 506 187  
 506 196  
 506 200  
 506 202  
 506 206  
 506 215  
 506 216  
 506 218  
 506 224  
 506 226  
 506 229  
 506 232  
 506 234  
 506 235  
 506 236  
 507 8  
 507 26  
 507 68  
 507 106  
 507 146  
 507 153  
 507 164  
 507 179  
 507 186  
 507 199  
 507 200  
 507 201  
 507 202  
 507 204  
 507 205  
 507 213  
 507 214  
 507 219  
 508 6  
 508 8  
 508 18  
 508 47  
 508 66  
 508 77  
 508 98  
 508 110  
 508 112  
 508 115  
 508 134  
 508 153  
 508 154  
 508 159  
 508 162  
 508 164  
 508 166  
 508 169  
 508 176  
 508 182  
 508 184  
 508 187  
 508 190  
 508 199  
 509 11  
 509 66  
 509 68  
 509 106  
 509 143  
 509 184  
 509 185  
 509 188  
 509 192  
 509 194  
 509 196  
 509 199  
 509 202  
 509 214  
 509 215  
 509 216  
 509 232  
 509 233  
 509 235  
 510 45  
 510 52  
 510 56  
 510 86  
 510 135  
 510 147  
 510 164  
 510 166  
 510 177  
 510 190  
 510 195  
 510 198  
 510 208  
 510 223  
 510 228  
 510 229  
 510 236  
 510 237  
 511 1  
 511 18  
 511 29  
 511 31  
 511 98  
 511 115  
 511 143  
 511 146  
 511 154  
 511 175  
 511 176  
 511 190  
 511 193  
 511 201  
 511 218  
 511 227  
 511 232  
 511 235  
 512 5  
 512 27  
 512 30  
 512 47  
 512 56  
 512 98  
 512 134  
 512 139  
 512 179  
 512 180  
 512 187  
 512 188  
 512 192  
 512 200  
 512 201  
 512 203  
 512 207  
 512 213  
 512 218  
 512 221  
 512 227  
 512 236  
 513 1  
 513 14  
 513 15  
 513 20  
 513 30  
 513 31  
 513 62  
 513 105  
 513 134  
 513 143  
 513 154  
 513 160  
 513 171  
 513 177  
 513 179  
 513 212  
 513 214  
 513 222  
 514 5  
 514 45  
 514 52  
 514 66  
 514 110  
 514 135  
 514 139  
 514 169  
 514 177  
 514 186  
 514 199  
 514 207  
 514 215  
 514 216  
 514 223  
 514 228  
 514 230  
 514 233  
 514 236  
 515 30  
 515 77  
 515 86  
 515 187  
 515 188  
 515 191  
 515 194  
 515 197  
 515 198  
 515 200  
 515 205  
 515 208  
 515 219  
 515 223  
 515 228  
 516 29  
 516 98  
 516 105  
 516 112  
 516 147  
 516 162  
 516 171  
 516 175  
 516 192  
 516 195  
 516 196  
 516 201  
 516 203  
 516 204  
 516 206  
 516 221  
 516 223  
 516 225  
 516 226  
 516 227  
 516 230  
 516 234  
 517 6  
 517 27  
 517 31  
 517 58  
 517 77  
 517 110  
 517 112  
 517 162  
 517 171  
 517 187  
 517 206  
 517 212  
 517 216  
 517 222  
 517 233  
 518 68  
 518 134  
 518 177  
 518 188  
 518 191  
 518 216  
 519 6  
 519 20  
 519 56  
 519 86  
 519 136  
 519 153  
 519 169  
 519 180  
 519 198  
 519 202  
 519 205  
 519 214  
 519 218  
 519 220  
 520 1  
 520 14  
 520 143  
 520 154  
 520 179  
 521 30  
 521 154  
 521 171  
 521 179  
 521 214  
 522 6  
 522 8  
 522 18  
 522 77  
 522 98  
 523 47  
 523 58  
 523 185  
 523 192  
 523 193  
 523 194  
 523 200  
 523 212  
 523 231  
 523 235  
 524 15  
 524 28  
 524 115  
 524 143  
 525 1  
 525 5  
 525 8  
 525 14  
 525 15  
 525 18  
 525 134  
 525 159  
 525 171  
 525 182  
 525 191  
 525 192  
 525 192  
 525 193  
 525 203  
 525 204  
 525 205  
 525 219  
 525 224  
 525 238  
 525 239  
 525 240  
 525 241  
 526 1  
 526 5  
 526 14  
 526 15  
 526 26  
 526 27  
 526 30  
 526 31  
 526 58  
 526 105  
 526 135  
 526 136  
 526 141  
 526 143  
 526 147  
 526 175  
 526 177  
 526 179  
 526 180  
 526 205  
 526 206  
 526 208  
 526 213  
 526 215  
 526 221  
 526 222  
 526 223  
 526 224  
 526 232  
 526 242  
 527 45  
 527 56  
 527 106  
 527 141  
 527 146  
 527 162  
 527 171  
 527 175  
 527 186  
 527 195  
 527 197  
 527 204  
 527 206  
 527 207  
 527 215  
 527 226  
 527 227  
 527 230  
 527 235  
 527 238  
 527 243  
 527 244  
 527 245  
 527 246  
 527 247  
 527 248  
 528 105  
 528 136  
 528 141  
 528 153  
 528 154  
 528 184  
 528 186  
 528 190  
 528 191  
 528 196  
 528 198  
 528 205  
 528 207  
 528 212  
 528 213  
 528 221  
 528 223  
 528 226  
 528 231  
 528 234  
 528 239  
 528 249  
 529 18  
 529 30  
 529 112  
 529 139  
 529 146  
 529 153  
 529 159  
 529 162  
 529 175  
 529 197  
 529 200  
 529 201  
 529 212  
 529 213  
 529 225  
 529 229  
 529 230  
 529 231  
 529 232  
 529 244  
 529 245  
 529 250  
 530 26  
 530 58  
 530 66  
 530 68  
 530 77  
 530 162  
 530 169  
 530 177  
 530 182  
 530 193  
 530 195  
 530 197  
 530 208  
 530 212  
 530 222  
 530 225  
 530 227  
 530 230  
 530 233  
 530 234  
 530 240  
 530 241  
 530 246  
 530 248  
 530 251  
 530 252  
 530 253  
 530 254  
 530 255  
 530 256  
 530 256  
 531 112  
 531 135  
 531 136  
 531 159  
 531 169  
 531 179  
 531 180  
 531 200  
 531 202  
 531 206  
 531 216  
 531 218  
 531 224  
 531 226  
 531 229  
 531 232  
 531 234  
 531 235  
 531 250  
 531 251  
 531 252  
 531 255  
 531 257  
 532 8  
 532 26  
 532 68  
 532 106  
 532 146  
 532 146  
 532 153  
 532 164  
 532 186  
 532 197  
 532 199  
 532 200  
 532 201  
 532 202  
 532 204  
 532 213  
 532 214  
 532 219  
 532 243  
 532 246  
 532 253  
 532 254  
 533 8  
 533 18  
 533 66  
 533 77  
 533 98  
 533 112  
 533 134  
 533 139  
 533 153  
 533 154  
 533 159  
 533 162  
 533 164  
 533 169  
 533 176  
 533 182  
 533 184  
 533 187  
 533 188  
 533 191  
 533 192  
 533 199  
 533 203  
 533 212  
 533 229  
 533 231  
 534 56  
 534 66  
 534 68  
 534 143  
 534 184  
 534 192  
 534 196  
 534 199  
 534 202  
 534 214  
 534 215  
 534 216  
 534 225  
 534 232  
 534 233  
 534 236  
 534 244  
 534 253  
 534 257  
 534 258  
 535 45  
 535 56  
 535 135  
 535 139  
 535 164  
 535 177  
 535 190  
 535 195  
 535 198  
 535 208  
 535 229  
 535 230  
 535 236  
 535 237  
 535 239  
 535 250  
 536 1  
 536 18  
 536 31  
 536 98  
 536 143  
 536 146  
 536 154  
 536 175  
 536 176  
 536 193  
 536 201  
 536 218  
 536 227  
 536 232  
 536 235  
 536 243  
 536 248  
 536 257  
 537 5  
 537 27  
 537 30  
 537 98  
 537 134  
 537 139  
 537 179  
 537 180  
 537 187  
 537 188  
 537 192  
 537 200  
 537 201  
 537 203  
 537 207  
 537 213  
 537 221  
 537 236  
 537 249  
 537 250  
 537 255  
 537 258  
 538 1  
 538 14  
 538 15  
 538 30  
 538 31  
 538 105  
 538 134  
 538 143  
 538 154  
 538 171  
 538 177  
 538 179  
 538 193  
 538 212  
 538 214  
 538 222  
 538 241  
 538 245  
 538 248  
 539 5  
 539 45  
 539 66  
 539 135  
 539 139  
 539 169  
 539 177  
 539 186  
 539 199  
 539 207  
 539 215  
 539 216  
 539 225  
 539 233  
 539 236  
 539 239  
 539 240  
 539 246  
 539 253  
 539 254  
 539 255  
 539 256  
 540 30  
 540 77  
 540 187  
 540 188  
 540 191  
 540 198  
 540 200  
 540 205  
 540 208  
 540 219  
 540 223  
 540 227  
 540 234  
 540 243  
 541 98  
 541 112  
 541 147  
 541 162  
 541 192  
 541 195  
 541 196  
 541 201  
 541 204  
 541 221  
 541 226  
 541 227  
 541 230  
 541 234  
 541 238  
 541 241  
 541 248  
 541 249  
 541 255  
 541 257  
 541 259  
 542 27  
 542 31  
 542 45  
 542 58  
 542 77  
 542 112  
 542 147  
 542 171  
 542 187  
 542 190  
 542 206  
 542 212  
 542 216  
 542 233  
 542 245  
 542 252  
 543 68  
 543 134  
 543 177  
 543 188  
 543 191  
 543 216  
 544 56  
 544 136  
 544 153  
 544 169  
 544 180  
 544 198  
 544 202  
 544 208  
 544 214  
 544 218  
 544 224  
 544 239  
 544 246  
 544 251  
 545 1  
 545 134  
 545 143  
 545 154  
 545 247  
 546 134  
 546 154  
 546 171  
 546 212  
 546 214  
 547 8  
 547 18  
 547 77  
 547 98  
 547 112  
 547 159  
 548 58  
 548 177  
 548 192  
 548 193  
 548 197  
 548 200  
 548 212  
 548 231  
 548 235  
 548 252  
 548 258  
 549 15  
 549 28  
 549 143  
 549 176  
 550 1  
 550 14  
 550 15  
 550 18  
 550 134  
 550 159  
 550 182  
 550 191  
 550 192  
 550 193  
 550 203  
 550 204  
 550 219  
 550 224  
 550 238  
 550 239  
 550 260  
 550 261  
 550 262  
 550 263  
 551 1  
 551 14  
 551 15  
 551 27  
 551 30  
 551 31  
 551 105  
 551 141  
 551 143  
 551 147  
 551 175  
 551 179  
 551 180  
 551 198  
 551 213  
 551 214  
 551 215  
 551 221  
 551 222  
 551 223  
 551 224  
 551 232  
 551 242  
 551 250  
 551 251  
 551 258  
 551 264  
 551 265  
 551 266  
 551 267  
 552 56  
 552 106  
 552 141  
 552 146  
 552 162  
 552 175  
 552 195  
 552 197  
 552 204  
 552 215  
 552 226  
 552 227  
 552 230  
 552 235  
 552 238  
 552 243  
 552 244  
 552 245  
 552 246  
 552 248  
 552 252  
 552 261  
 552 262  
 552 268  
 552 269  
 552 270  
 553 105  
 553 141  
 553 153  
 553 154  
 553 184  
 553 186  
 553 191  
 553 196  
 553 198  
 553 212  
 553 213  
 553 221  
 553 223  
 553 231  
 553 234  
 553 238  
 553 239  
 553 249  
 553 255  
 553 263  
 553 268  
 553 269  
 554 18  
 554 30  
 554 112  
 554 139  
 554 146  
 554 153  
 554 159  
 554 175  
 554 196  
 554 197  
 554 200  
 554 201  
 554 212  
 554 213  
 554 225  
 554 229  
 554 230  
 554 231  
 554 244  
 554 245  
 554 250  
 554 260  
 555 162  
 555 169  
 555 182  
 555 193  
 555 195  
 555 197  
 555 214  
 555 222  
 555 225  
 555 226  
 555 227  
 555 230  
 555 233  
 555 234  
 555 246  
 555 248  
 555 251  
 555 253  
 555 254  
 555 267  
 555 270  
 555 271  
 555 272  
 555 273  
 556 112  
 556 159  
 556 169  
 556 179  
 556 180  
 556 200  
 556 202  
 556 216  
 556 218  
 556 224  
 556 226  
 556 229  
 556 235  
 556 243  
 556 245  
 556 249  
 556 252  
 556 257  
 556 264  
 556 265  
 556 267  
 556 273  
 557 68  
 557 106  
 557 153  
 557 164  
 557 186  
 557 197  
 557 199  
 557 200  
 557 201  
 557 202  
 557 204  
 557 213  
 557 219  
 557 246  
 557 253  
 557 254  
 557 264  
 557 269  
 557 270  
 558 18  
 558 58  
 558 98  
 558 112  
 558 134  
 558 139  
 558 153  
 558 154  
 558 159  
 558 162  
 558 164  
 558 169  
 558 176  
 558 182  
 558 184  
 558 187  
 558 188  
 558 191  
 558 192  
 558 199  
 558 203  
 558 212  
 558 229  
 558 231  
 558 234  
 558 255  
 559 68  
 559 184  
 559 188  
 559 196  
 559 199  
 559 202  
 559 214  
 559 215  
 559 216  
 559 225  
 559 232  
 559 233  
 559 236  
 559 244  
 559 253  
 559 257  
 559 258  
 559 260  
 559 273  
 560 56  
 560 139  
 560 164  
 560 195  
 560 198  
 560 225  
 560 229  
 560 230  
 560 236  
 560 239  
 560 250  
 560 261  
 560 263  
 560 266  
 560 271  
 560 274  
 561 1  
 561 18  
 561 31  
 561 98  
 561 143  
 561 146  
 561 154  
 561 175  
 561 176  
 561 186  
 561 193  
 561 201  
 561 218  
 561 227  
 561 232  
 561 235  
 561 248  
 561 257  
 561 260  
 561 262  
 562 27  
 562 30  
 562 98  
 562 134  
 562 139  
 562 147  
 562 179  
 562 180  
 562 187  
 562 188  
 562 192  
 562 200  
 562 201  
 562 203  
 562 218  
 562 221  
 562 236  
 562 249  
 562 250  
 562 255  
 562 258  
 562 265  
 563 1  
 563 14  
 563 15  
 563 31  
 563 105  
 563 134  
 563 143  
 563 154  
 563 179  
 563 193  
 563 197  
 563 212  
 563 214  
 563 222  
 563 242  
 563 245  
 563 248  
 563 264  
 564 139  
 564 169  
 564 186  
 564 199  
 564 215  
 564 216  
 564 230  
 564 232  
 564 233  
 564 236  
 564 239  
 564 243  
 564 246  
 564 253  
 564 254  
 564 255  
 564 261  
 564 271  
 564 273  
 565 30  
 565 188  
 565 191  
 565 198  
 565 200  
 565 219  
 565 223  
 565 226  
 565 227  
 565 234  
 565 243  
 565 262  
 565 265  
 565 269  
 565 270  
 566 98  
 566 147  
 566 162  
 566 192  
 566 195  
 566 196  
 566 201  
 566 204  
 566 221  
 566 227  
 566 234  
 566 238  
 566 244  
 566 249  
 566 255  
 566 257  
 566 260  
 566 262  
 566 263  
 566 268  
 567 27  
 567 31  
 567 58  
 567 112  
 567 147  
 567 187  
 567 212  
 567 216  
 567 233  
 567 243  
 567 245  
 567 247  
 567 252  
 567 266  
 567 268  
 568 68  
 568 134  
 568 188  
 568 216  
 568 232  
 568 251  
 569 56  
 569 153  
 569 169  
 569 180  
 569 198  
 569 202  
 569 214  
 569 218  
 569 224  
 569 239  
 569 251  
 569 266  
 569 272  
 570 1  
 570 1  
 570 105  
 570 134  
 570 134  
 570 154  
 570 193  
 570 247  
 570 247  
 570 264  
 571 105  
 571 134  
 571 134  
 571 154  
 571 193  
 571 197  
 571 214  
 571 214  
 571 247  
 571 264  
 572 18  
 572 98  
 572 112  
 572 153  
 572 159  
 573 58  
 573 192  
 573 193  
 573 235  
 573 248  
 573 252  
 573 263  
 573 265  
 573 268  
 573 271  
 574 15  
 574 28  
 574 143  
 574 176  
 575 1  
 575 14  
 575 15  
 575 18  
 575 134  
 575 146  
 575 159  
 575 182  
 575 191  
 575 192  
 575 193  
 575 203  
 575 204  
 575 219  
 575 224  
 575 238  
 575 239  
 575 260  
 575 261  
 575 267  
 575 275  
 575 276  
 576 1  
 576 14  
 576 15  
 576 30  
 576 31  
 576 105  
 576 141  
 576 143  
 576 147  
 576 175  
 576 179  
 576 180  
 576 198  
 576 213  
 576 214  
 576 215  
 576 222  
 576 223  
 576 224  
 576 226  
 576 232  
 576 233  
 576 242  
 576 250  
 576 251  
 576 258  
 576 264  
 576 266  
 576 267  
 576 275  
 576 277  
 577 56  
 577 106  
 577 141  
 577 146  
 577 162  
 577 175  
 577 195  
 577 197  
 577 204  
 577 215  
 577 227  
 577 238  
 577 243  
 577 244  
 577 245  
 577 246  
 577 248  
 577 249  
 577 252  
 577 260  
 577 261  
 577 262  
 577 263  
 577 268  
 577 269  
 577 270  
 577 271  
 577 276  
 578 105  
 578 141  
 578 153  
 578 184  
 578 191  
 578 196  
 578 198  
 578 212  
 578 231  
 578 234  
 578 238  
 578 239  
 578 249  
 578 251  
 578 255  
 578 262  
 578 263  
 578 268  
 578 269  
 578 275  
 578 277  
 578 278  
 579 18  
 579 30  
 579 112  
 579 139  
 579 146  
 579 153  
 579 159  
 579 175  
 579 196  
 579 200  
 579 201  
 579 212  
 579 213  
 579 219  
 579 225  
 579 231  
 579 244  
 579 245  
 579 260  
 579 273  
 579 275  
 579 276  
 579 277  
 579 279  
 580 106  
 580 162  
 580 169  
 580 182  
 580 193  
 580 197  
 580 214  
 580 222  
 580 225  
 580 227  
 580 234  
 580 235  
 580 246  
 580 248  
 580 250  
 580 251  
 580 253  
 580 254  
 580 264  
 580 270  
 580 271  
 580 272  
 580 273  
 580 278  
 580 280  
 580 281  
 580 282  
 581 112  
 581 146  
 581 159  
 581 169  
 581 179  
 581 180  
 581 200  
 581 202  
 581 216  
 581 218  
 581 224  
 581 226  
 581 229  
 581 235  
 581 243  
 581 245  
 581 252  
 581 257  
 581 265  
 581 267  
 581 273  
 581 276  
 581 278  
 581 280  
 582 106  
 582 146  
 582 164  
 582 197  
 582 199  
 582 200  
 582 201  
 582 202  
 582 204  
 582 213  
 582 219  
 582 223  
 582 246  
 582 253  
 582 254  
 582 261  
 582 264  
 582 269  
 582 270  
 582 279  
 582 280  
 583 1  
 583 14  
 583 15  
 583 31  
 583 105  
 583 105  
 583 134  
 583 143  
 583 154  
 583 179  
 583 193  
 583 197  
 583 212  
 583 214  
 583 222  
 583 245  
 583 246  
 583 248  
 583 264  
 583 278  
 584 18  
 584 98  
 584 112  
 584 134  
 584 139  
 584 153  
 584 159  
 584 162  
 584 164  
 584 169  
 584 176  
 584 182  
 584 184  
 584 187  
 584 188  
 584 191  
 584 192  
 584 195  
 584 199  
 584 203  
 584 212  
 584 229  
 584 231  
 584 234  
 584 255  
 584 265  
 585 184  
 585 188  
 585 196  
 585 199  
 585 202  
 585 213  
 585 214  
 585 215  
 585 216  
 585 225  
 585 229  
 585 232  
 585 233  
 585 236  
 585 244  
 585 253  
 585 257  
 585 258  
 585 273  
 585 274  
 585 282  
 586 56  
 586 139  
 586 164  
 586 195  
 586 198  
 586 224  
 586 225  
 586 229  
 586 236  
 586 239  
 586 266  
 586 267  
 586 271  
 586 279  
 586 281  
 587 1  
 587 18  
 587 31  
 587 98  
 587 143  
 587 153  
 587 175  
 587 176  
 587 193  
 587 201  
 587 218  
 587 227  
 587 232  
 587 235  
 587 243  
 587 248  
 587 257  
 587 262  
 587 263  
 587 277  
 588 30  
 588 98  
 588 134  
 588 139  
 588 147  
 588 179  
 588 180  
 588 187  
 588 188  
 588 192  
 588 200  
 588 201  
 588 203  
 588 218  
 588 236  
 588 244  
 588 249  
 588 250  
 588 255  
 588 258  
 588 265  
 588 281  
 588 282  
 589 106  
 589 139  
 589 169  
 589 199  
 589 215  
 589 216  
 589 232  
 589 233  
 589 236  
 589 239  
 589 243  
 589 253  
 589 254  
 589 255  
 589 261  
 589 277  
 589 280  
 589 282  
 590 30  
 590 188  
 590 191  
 590 198  
 590 200  
 590 219  
 590 223  
 590 226  
 590 227  
 590 234  
 590 243  
 590 262  
 590 265  
 590 269  
 590 270  
 591 98  
 591 147  
 591 162  
 591 187  
 591 192  
 591 196  
 591 201  
 591 204  
 591 227  
 591 233  
 591 238  
 591 246  
 591 249  
 591 255  
 591 257  
 591 262  
 591 278  
 592 31  
 592 112  
 592 141  
 592 147  
 592 176  
 592 187  
 592 212  
 592 216  
 592 226  
 592 233  
 592 245  
 592 247  
 592 252  
 592 266  
 592 268  
 592 279  
 593 134  
 593 188  
 593 215  
 593 216  
 593 232  
 593 251  
 594 56  
 594 153  
 594 169  
 594 180  
 594 198  
 594 202  
 594 214  
 594 218  
 594 224  
 594 239  
 594 251  
 594 266  
 594 267  
 594 272  
 594 278  
 595 193  
 595 229  
 595 235  
 595 248  
 595 252  
 595 263  
 595 265  
 595 268  
 595 271  
 595 281  
 596 18  
 596 98  
 596 112  
 596 153  
 596 159  
 597 15  
 597 143  
 597 154  
 597 176  
